lr: 0.0015518376225801072
optim_lr: 0.0010957936709000931
weight_decay: 1.998391905573772e-06
cnn_channels: 96
tcn_channels: 256
tcn_dropout: 0.3077797821419221
tcn_dilations_pattern: '1_2_4_8'
lambda_bayes: 0.0032074419328757863
lambda_phys: 0.00018908974745983066
lambda_trans: 0.061619063365164095
lambda_temp: 0.006518846138733344
