lr: 0.002772008541489717
optim_lr: 0.0007824023983213261
weight_decay: 0.00016511660035531799
cnn_channels: 64
tcn_channels: 384
tcn_dropout: 0.20713149725733498
tcn_dilations_pattern: '1_2_4_8'
lambda_bayes: 0.00861943610441284
lambda_phys: 0.000237553833412742
lambda_trans: 0.02012732142826834
lambda_temp: 0.5214165242447223


#[I 2026-01-26 20:06:17,419] Trial 4 finished with value: 0.9306133353439349 and parameters: {'lr': 0.002772008541489717, 'optim_lr': 0.0007824023983213261, 'weight_decay': 0.00016511660035531799, 'cnn_channels': 64, 'tcn_channels': 384, 'tcn_dropout': 0.20713149725733498, 'tcn_dilations_pattern': '1_2_4_8', 'lambda_bayes': 0.00861943610441284, 'lambda_phys': 0.000237553833412742, 'lambda_trans': 0.02012732142826834, 'lambda_temp': 0.5214165242447223}. Best is trial 4 with value: 0.9306133353439349.