lr: 0.00037664768455608453
optim_lr: 0.0011148815198897507
weight_decay: 1.0214360674057239e-06
cnn_channels: 96
tcn_channels: 256
tcn_dropout: 0.031180019179154694
tcn_dilations_pattern: '2_4_8'
lambda_bayes: 0.0010463320789323026
lambda_phys: 0.01351943807766418
lambda_trans: 0.03369841776147073
lambda_temp: 0.06545965302905765
